section,section_description,question,image,optionA,optionB,optionC,optionD,time_dutation,answer
Section-A,Section Description,Question1 new, /media/question_temp_images/fff575x375_3LM31gs.webp,optiona1,optionb1,optionc1,optiond1,0:10,optionA
Section-A,Section Description,Question2 new, /media/question_temp_images/fff620x340_EJ64sYE.png,optiona2,optionb2,optionc2,optiond2,0:20,optionB
Section-B,Section Description,Question3 new, /media/question_temp_images/fff575x375_3LM31gs.webp,optiona3,optionb3,optionc3,optiond3,0:30,optionC
Section-B,Section Description,Question4 new,,optiona4,optionb4,optionc4,optiond4,0:40,optionD
Section-C,Section Description,Question5 new,,optiona5,optionb5,optionc5,optiond5,0:50,optionB